a = 2.4595 [Ang] unit cell length 
a_cc = 1.42 [Ang] carbon-carbon distance 
c = 3.248 [Ang] inter-layer distance 

   0.000000   0.000000   0.000000   1
   1.229756   -0.710000   0.000000   1
   1.229750   2.129989   0.000000   1
   2.459506   1.419989   0.000000   1
   2.459500   0.000000   0.000000   1
   3.689256   -0.710000   0.000000   1
   3.689250   2.129989   0.000000   1
   4.919006   1.419989   0.000000   1
   4.919000   0.000000   0.000000   1
   6.148756   -0.710000   0.000000   1
   6.148750   2.129989   0.000000   1
   7.378506   1.419989   0.000000   1
   7.378500   0.000000   0.000000   1
   8.608256   -0.710000   0.000000   1
   8.608250   2.129989   0.000000   1
   9.838006   1.419989   0.000000   1
   9.838000   0.000000   0.000000   1
   11.067756   -0.710000   0.000000   1
   11.067750   2.129989   0.000000   1
   12.297506   1.419989   0.000000   1
   12.297500   0.000000   0.000000   1
   13.527256   -0.710000   0.000000   1
   13.527250   2.129989   0.000000   1
   14.757006   1.419989   0.000000   1
   14.757000   0.000000   0.000000   1
   15.986756   -0.710000   0.000000   1
   15.986750   2.129989   0.000000   1
   17.216506   1.419989   0.000000   1
   17.216500   0.000000   0.000000   1
   18.446256   -0.710000   0.000000   1
   18.446250   2.129989   0.000000   1
   19.676006   1.419989   0.000000   1
   19.676000   0.000000   0.000000   1
   20.905756   -0.710000   0.000000   1
   20.905750   2.129989   0.000000   1
   22.135506   1.419989   0.000000   1
   22.135500   0.000000   0.000000   1
   23.365256   -0.710000   0.000000   1
   23.365250   2.129989   0.000000   1
   24.595006   1.419989   0.000000   1
   24.595000   0.000000   0.000000   1
   25.824756   -0.710000   0.000000   1
   25.824750   2.129989   0.000000   1
   27.054506   1.419989   0.000000   1
   27.054500   0.000000   0.000000   1
   28.284256   -0.710000   0.000000   1
   28.284250   2.129989   0.000000   1
   29.514006   1.419989   0.000000   1
   29.514000   0.000000   0.000000   1
   30.743756   -0.710000   0.000000   1
   30.743750   2.129989   0.000000   1
   31.973506   1.419989   0.000000   1
   31.973500   0.000000   0.000000   1
   33.203256   -0.710000   0.000000   1
   33.203250   2.129989   0.000000   1
   34.433006   1.419989   0.000000   1
   34.433000   0.000000   0.000000   1
   35.662756   -0.710000   0.000000   1
   35.662750   2.129989   0.000000   1
   36.892506   1.419989   0.000000   1
   36.892500   0.000000   0.000000   1
   38.122256   -0.710000   0.000000   1
   38.122250   2.129989   0.000000   1
   39.352006   1.419989   0.000000   1
   39.352000   0.000000   0.000000   1
   40.581756   -0.710000   0.000000   1
   40.581750   2.129989   0.000000   1
   41.811506   1.419989   0.000000   1
   41.811500   0.000000   0.000000   1
   43.041256   -0.710000   0.000000   1
   43.041250   2.129989   0.000000   1
   44.271006   1.419989   0.000000   1
   44.271000   0.000000   0.000000   1
   45.500756   -0.710000   0.000000   1
   45.500750   2.129989   0.000000   1
   46.730506   1.419989   0.000000   1
   46.730500   0.000000   0.000000   1
   47.960256   -0.710000   0.000000   1
   47.960250   2.129989   0.000000   1
   49.190006   1.419989   0.000000   1
   49.190000   0.000000   0.000000   1
   50.419756   -0.710000   0.000000   1
   50.419750   2.129989   0.000000   1
   51.649506   1.419989   0.000000   1
   51.649500   0.000000   0.000000   1
   52.879256   -0.710000   0.000000   1
   52.879250   2.129989   0.000000   1
   54.109006   1.419989   0.000000   1
   54.109000   0.000000   0.000000   1
   55.338756   -0.710000   0.000000   1
   55.338750   2.129989   0.000000   1
   56.568506   1.419989   0.000000   1
   56.568500   0.000000   0.000000   1
   57.798256   -0.710000   0.000000   1
   57.798250   2.129989   0.000000   1
   59.028006   1.419989   0.000000   1
   59.028000   0.000000   0.000000   1
   60.257756   -0.710000   0.000000   1
   60.257750   2.129989   0.000000   1
   61.487506   1.419989   0.000000   1
   61.487500   0.000000   0.000000   1
   62.717256   -0.710000   0.000000   1
   62.717250   2.129989   0.000000   1
   63.947006   1.419989   0.000000   1
   63.947000   0.000000   0.000000   1
   65.176756   -0.710000   0.000000   1
   65.176750   2.129989   0.000000   1
   66.406506   1.419989   0.000000   1
   66.406500   0.000000   0.000000   1
   67.636256   -0.710000   0.000000   1
   67.636250   2.129989   0.000000   1
   68.866006   1.419989   0.000000   1
   68.866000   0.000000   0.000000   1
   70.095756   -0.710000   0.000000   1
   70.095750   2.129989   0.000000   1
   71.325506   1.419989   0.000000   1
   71.325500   0.000000   0.000000   1
   72.555256   -0.710000   0.000000   1
   72.555250   2.129989   0.000000   1
   73.785006   1.419989   0.000000   1
   73.785000   0.000000   0.000000   1
   75.014756   -0.710000   0.000000   1
   75.014750   2.129989   0.000000   1
   76.244506   1.419989   0.000000   1
   76.244500   0.000000   0.000000   1
   77.474256   -0.710000   0.000000   1
   77.474250   2.129989   0.000000   1
   78.704006   1.419989   0.000000   1
   78.704000   0.000000   0.000000   1
   79.933756   -0.710000   0.000000   1
   79.933750   2.129989   0.000000   1
   81.163506   1.419989   0.000000   1
   81.163500   0.000000   0.000000   1
   82.393256   -0.710000   0.000000   1
   82.393250   2.129989   0.000000   1
   83.623006   1.419989   0.000000   1
   83.623000   0.000000   0.000000   1
   84.852756   -0.710000   0.000000   1
   84.852750   2.129989   0.000000   1
   86.082506   1.419989   0.000000   1
   86.082500   0.000000   0.000000   1
   87.312256   -0.710000   0.000000   1
   87.312250   2.129989   0.000000   1
   88.542006   1.419989   0.000000   1
   88.542000   0.000000   0.000000   1
   89.771756   -0.710000   0.000000   1
   89.771750   2.129989   0.000000   1
   91.001506   1.419989   0.000000   1
   91.001500   0.000000   0.000000   1
   92.231256   -0.710000   0.000000   1
   92.231250   2.129989   0.000000   1
   93.461006   1.419989   0.000000   1
   93.461000   0.000000   0.000000   1
   94.690756   -0.710000   0.000000   1
   94.690750   2.129989   0.000000   1
   95.920506   1.419989   0.000000   1
   95.920500   0.000000   0.000000   1
   97.150256   -0.710000   0.000000   1
   97.150250   2.129989   0.000000   1
   98.380006   1.419989   0.000000   1
   98.380000   0.000000   0.000000   1
   99.609756   -0.710000   0.000000   1
   99.609750   2.129989   0.000000   1
   100.839506   1.419989   0.000000   1
   100.839500   0.000000   0.000000   1
   102.069256   -0.710000   0.000000   1
   102.069250   2.129989   0.000000   1
   103.299006   1.419989   0.000000   1
   103.299000   0.000000   0.000000   1
   104.528756   -0.710000   0.000000   1
   104.528750   2.129989   0.000000   1
   105.758506   1.419989   0.000000   1
   105.758500   0.000000   0.000000   1
   106.988256   -0.710000   0.000000   1
   106.988250   2.129989   0.000000   1
   108.218006   1.419989   0.000000   1
   108.218000   0.000000   0.000000   1
   109.447756   -0.710000   0.000000   1
   109.447750   2.129989   0.000000   1
   110.677506   1.419989   0.000000   1
   110.677500   0.000000   0.000000   1
   111.907256   -0.710000   0.000000   1
   111.907250   2.129989   0.000000   1
   113.137006   1.419989   0.000000   1
   113.137000   0.000000   0.000000   1
   114.366756   -0.710000   0.000000   1
   114.366750   2.129989   0.000000   1
   115.596506   1.419989   0.000000   1
   115.596500   0.000000   0.000000   1
   116.826256   -0.710000   0.000000   1
   116.826250   2.129989   0.000000   1
   118.056006   1.419989   0.000000   1
   118.056000   0.000000   0.000000   1
   119.285756   -0.710000   0.000000   1
   119.285750   2.129989   0.000000   1
   120.515506   1.419989   0.000000   1
   120.515500   0.000000   0.000000   1
   121.745256   -0.710000   0.000000   1
   121.745250   2.129989   0.000000   1
   122.975006   1.419989   0.000000   1
   0.000000   0.000000   3.248000   1
   1.241960   -0.688430   3.248000   1
   1.192389   2.151127   3.248000   1
   2.434349   1.462698   3.248000   1
   2.459125   0.042924   3.248000   1
   3.701085   -0.645505   3.248000   1
   3.651515   2.194051   3.248000   1
   4.893475   1.505622   3.248000   1
   4.918251   0.085848   3.248000   1
   6.160211   -0.602581   3.248000   1
   6.110640   2.236976   3.248000   1
   7.352600   1.548546   3.248000   1
   7.377376   0.128773   3.248000   1
   8.619336   -0.559657   3.248000   1
   8.569765   2.279900   3.248000   1
   9.811725   1.591470   3.248000   1
   9.836502   0.171697   3.248000   1
   11.078462   -0.516733   3.248000   1
   11.028891   2.322824   3.248000   1
   12.270851   1.634394   3.248000   1
   12.295627   0.214621   3.248000   1
   13.537587   -0.473809   3.248000   1
   13.488016   2.365748   3.248000   1
   14.729976   1.677318   3.248000   1
   14.754752   0.257545   3.248000   1
   15.996712   -0.430884   3.248000   1
   15.947142   2.408672   3.248000   1
   17.189102   1.720243   3.248000   1
   17.213878   0.300469   3.248000   1
   18.455838   -0.387960   3.248000   1
   18.406267   2.451597   3.248000   1
   19.648227   1.763167   3.248000   1
   19.673003   0.343394   3.248000   1
   20.914963   -0.345036   3.248000   1
   20.865393   2.494521   3.248000   1
   22.107352   1.806091   3.248000   1
   22.132129   0.386318   3.248000   1
   23.374089   -0.302112   3.248000   1
   23.324518   2.537445   3.248000   1
   24.566478   1.849015   3.248000   1
   24.591254   0.429242   3.248000   1
   25.833214   -0.259188   3.248000   1
   25.783643   2.580369   3.248000   1
   27.025603   1.891939   3.248000   1
   27.050379   0.472166   3.248000   1
   28.292339   -0.216264   3.248000   1
   28.242769   2.623293   3.248000   1
   29.484729   1.934864   3.248000   1
   29.509505   0.515090   3.248000   1
   30.751465   -0.173339   3.248000   1
   30.701894   2.666217   3.248000   1
   31.943854   1.977788   3.248000   1
   31.968630   0.558015   3.248000   1
   33.210590   -0.130415   3.248000   1
   33.161020   2.709142   3.248000   1
   34.402980   2.020712   3.248000   1
   34.427756   0.600939   3.248000   1
   35.669716   -0.087491   3.248000   1
   35.620145   2.752066   3.248000   1
   36.862105   2.063636   3.248000   1
   36.886881   0.643863   3.248000   1
   38.128841   -0.044567   3.248000   1
   38.079270   2.794990   3.248000   1
   39.321230   2.106560   3.248000   1
   39.346006   0.686787   3.248000   1
   40.587966   -0.001643   3.248000   1
   40.538396   2.837914   3.248000   1
   41.780356   2.149485   3.248000   1
   41.805132   0.729711   3.248000   1
   43.047092   0.041282   3.248000   1
   42.997521   2.880838   3.248000   1
   44.239481   2.192409   3.248000   1
   44.264257   0.772635   3.248000   1
   45.506217   0.084206   3.248000   1
   45.456647   2.923763   3.248000   1
   46.698607   2.235333   3.248000   1
   46.723383   0.815560   3.248000   1
   47.965343   0.127130   3.248000   1
   47.915772   2.966687   3.248000   1
   49.157732   2.278257   3.248000   1
   49.182508   0.858484   3.248000   1
   50.424468   0.170054   3.248000   1
   50.374897   3.009611   3.248000   1
   51.616857   2.321181   3.248000   1
   51.641634   0.901408   3.248000   1
   52.883594   0.212978   3.248000   1
   52.834023   3.052535   3.248000   1
   54.075983   2.364106   3.248000   1
   54.100759   0.944332   3.248000   1
   55.342719   0.255903   3.248000   1
   55.293148   3.095459   3.248000   1
   56.535108   2.407030   3.248000   1
   56.559884   0.987256   3.248000   1
   57.801844   0.298827   3.248000   1
   57.752274   3.138384   3.248000   1
   58.994234   2.449954   3.248000   1
   59.019010   1.030181   3.248000   1
   60.260970   0.341751   3.248000   1
   60.211399   3.181308   3.248000   1
   61.453359   2.492878   3.248000   1
   61.478135   1.073105   3.248000   1
   62.720095   0.384675   3.248000   1
   62.670524   3.224232   3.248000   1
   63.912484   2.535802   3.248000   1
   63.937261   1.116029   3.248000   1
   65.179221   0.427599   3.248000   1
   65.129650   3.267156   3.248000   1
   66.371610   2.578727   3.248000   1
   66.396386   1.158953   3.248000   1
   67.638346   0.470524   3.248000   1
   67.588775   3.310080   3.248000   1
   68.830735   2.621651   3.248000   1
   68.855511   1.201877   3.248000   1
   70.097471   0.513448   3.248000   1
   70.047901   3.353005   3.248000   1
   71.289861   2.664575   3.248000   1
   71.314637   1.244802   3.248000   1
   72.556597   0.556372   3.248000   1
   72.507026   3.395929   3.248000   1
   73.748986   2.707499   3.248000   1
   73.773762   1.287726   3.248000   1
   75.015722   0.599296   3.248000   1
   74.966151   3.438853   3.248000   1
   76.208111   2.750423   3.248000   1
   76.232888   1.330650   3.248000   1
   77.474848   0.642220   3.248000   1
   77.425277   3.481777   3.248000   1
   78.667237   2.793348   3.248000   1
   78.692013   1.373574   3.248000   1
   79.933973   0.685145   3.248000   1
   79.884402   3.524701   3.248000   1
   81.126362   2.836272   3.248000   1
   81.151138   1.416498   3.248000   1
   82.393098   0.728069   3.248000   1
   82.343528   3.567626   3.248000   1
   83.585488   2.879196   3.248000   1
   83.610264   1.459423   3.248000   1
   84.852224   0.770993   3.248000   1
   84.802653   3.610550   3.248000   1
   86.044613   2.922120   3.248000   1
   86.069389   1.502347   3.248000   1
   87.311349   0.813917   3.248000   1
   87.261778   3.653474   3.248000   1
   88.503738   2.965044   3.248000   1
   88.528515   1.545271   3.248000   1
   89.770475   0.856841   3.248000   1
   89.720904   3.696398   3.248000   1
   90.962864   3.007968   3.248000   1
   90.987640   1.588195   3.248000   1
   92.229600   0.899766   3.248000   1
   92.180029   3.739322   3.248000   1
   93.421989   3.050893   3.248000   1
   93.446765   1.631119   3.248000   1
   94.688725   0.942690   3.248000   1
   94.639155   3.782247   3.248000   1
   95.881115   3.093817   3.248000   1
   95.905891   1.674044   3.248000   1
   97.147851   0.985614   3.248000   1
   97.098280   3.825171   3.248000   1
   98.340240   3.136741   3.248000   1
   98.365016   1.716968   3.248000   1
   99.606976   1.028538   3.248000   1
   99.557406   3.868095   3.248000   1
   100.799365   3.179665   3.248000   1
   100.824142   1.759892   3.248000   1
   102.066102   1.071462   3.248000   1
   102.016531   3.911019   3.248000   1
   103.258491   3.222589   3.248000   1
   103.283267   1.802816   3.248000   1
   104.525227   1.114386   3.248000   1
   104.475656   3.953943   3.248000   1
   105.717616   3.265514   3.248000   1
   105.742392   1.845740   3.248000   1
   106.984352   1.157311   3.248000   1
   106.934782   3.996867   3.248000   1
   108.176742   3.308438   3.248000   1
   108.201518   1.888665   3.248000   1
   109.443478   1.200235   3.248000   1
   109.393907   4.039792   3.248000   1
   110.635867   3.351362   3.248000   1
   110.660643   1.931589   3.248000   1
   111.902603   1.243159   3.248000   1
   111.853033   4.082716   3.248000   1
   113.094993   3.394286   3.248000   1
   113.119769   1.974513   3.248000   1
   114.361729   1.286083   3.248000   1
   114.312158   4.125640   3.248000   1
   115.554118   3.437210   3.248000   1
   115.578894   2.017437   3.248000   1
   116.820854   1.329007   3.248000   1
   116.771283   4.168564   3.248000   1
   118.013243   3.480135   3.248000   1
   118.038019   2.060361   3.248000   1
   119.279979   1.371932   3.248000   1
   119.230409   4.211488   3.248000   1
   120.472369   3.523059   3.248000   1
   120.497145   2.103285   3.248000   1
   121.739105   1.414856   3.248000   1
   121.689534   4.254413   3.248000   1
   122.931494   3.565983   3.248000   1
